Dataset Summary Statistics
==============================

               UDI  Air temperature [K]  Process temperature [K]  Rotational speed [rpm]   Torque [Nm]  Tool wear [min]           TWF           HDF           PWF           OSF          RNF  Machine_failure
count  10000.00000         1.000000e+04             1.000000e+04            1.000000e+04  1.000000e+04     1.000000e+04  10000.000000  10000.000000  10000.000000  10000.000000  10000.00000     10000.000000
mean    5000.50000        -1.091394e-15             3.658442e-14           -2.316369e-16  5.471179e-16     1.136868e-16      0.004600      0.011500      0.009500      0.009800      0.00190         0.033900
std     2886.89568         1.000050e+00             1.000050e+00            1.000050e+00  1.000050e+00     1.000050e+00      0.067671      0.106625      0.097009      0.098514      0.04355         0.180981
min        1.00000        -2.352278e+00            -2.901986e+00           -2.068196e+00 -3.630149e+00    -1.695984e+00      0.000000      0.000000      0.000000      0.000000      0.00000         0.000000
25%     2500.75000        -8.523974e-01            -8.125581e-01           -6.458012e-01 -6.808401e-01    -8.633176e-01      0.000000      0.000000      0.000000      0.000000      0.00000         0.000000
50%     5000.50000         4.753123e-02             6.365340e-02           -1.995597e-01  1.134481e-02     7.698234e-04      0.000000      0.000000      0.000000      0.000000      0.00000         0.000000
75%     7500.25000         7.474757e-01             7.376623e-01            4.084443e-01  6.834663e-01     8.491466e-01      0.000000      0.000000      0.000000      0.000000      0.00000         0.000000
max    10000.00000         2.247357e+00             2.557486e+00            7.514840e+00  3.672902e+00     2.278819e+00      1.000000      1.000000      1.000000      1.000000      1.00000         1.000000